117 119 117 119 0
117 119 7 6 5868
117 119 117 7 4736
117 119 21 21 4787
117 119 62 63 2937
117 119 103 21 3776
117 119 103 105 1241
117 119 7 118 4940
117 119 62 119 -1
117 119 62 5 -1
117 119 117 63 2726
117 119 7 63 4697
117 119 21 105 3968
117 119 109 37 4070
117 119 109 88 1120
117 119 15 88 4358
117 119 15 37 5145
7 6 117 119 5868
7 6 7 6 0
7 6 117 7 5145
7 6 21 21 1292
7 6 62 63 2931
7 6 103 21 4012
7 6 103 105 4780
7 6 7 118 4761
7 6 62 119 -1
7 6 62 5 -1
7 6 117 63 4691
7 6 7 63 2931
7 6 21 105 3884
7 6 109 37 4480
7 6 109 88 5280
7 6 15 88 4179
7 6 15 37 1094
117 7 117 119 4736
117 7 7 6 5145
117 7 117 7 0
117 7 21 21 4064
117 7 62 63 2982
117 7 103 21 1286
117 7 103 105 3801
117 7 7 118 5804
117 7 62 119 -1
117 7 62 5 -1
117 7 117 63 2790
117 7 7 63 4742
117 7 21 105 4832
117 7 109 37 1088
117 7 109 88 4147
117 7 15 88 5222
117 7 15 37 4422
21 21 117 119 4787
21 21 7 6 1292
21 21 117 7 4064
21 21 21 21 0
21 21 62 63 1868
21 21 103 21 2931
21 21 103 105 3737
21 21 7 118 3795
21 21 62 119 -1
21 21 62 5 -1
21 21 117 63 3609
21 21 7 63 1964
21 21 21 105 2918
21 21 109 37 3398
21 21 109 88 4198
21 21 15 88 3212
21 21 15 37 588
62 63 117 119 2937
62 63 7 6 2931
62 63 117 7 2982
62 63 21 21 1868
62 63 62 63 0
62 63 103 21 1868
62 63 103 105 1868
62 63 7 118 2822
62 63 62 119 -1
62 63 62 5 -1
62 63 117 63 1939
62 63 7 63 1939
62 63 21 105 1868
62 63 109 37 2316
62 63 109 88 2348
62 63 15 88 2240
62 63 15 37 2208
103 21 117 119 3776
103 21 7 6 4012
103 21 117 7 1286
103 21 21 21 2931
103 21 62 63 1868
103 21 103 21 0
103 21 103 105 2841
103 21 7 118 4691
103 21 62 119 -1
103 21 62 5 -1
103 21 117 63 1830
103 21 7 63 3609
103 21 21 105 3737
103 21 109 37 640
103 21 109 88 3187
103 21 15 88 4108
103 21 15 37 3289
103 105 117 119 1241
103 105 7 6 4780
103 105 117 7 3801
103 105 21 21 3737
103 105 62 63 1868
103 105 103 21 2841
103 105 103 105 0
103 105 7 118 3852
103 105 62 119 -1
103 105 62 5 -1
103 105 117 63 1792
103 105 7 63 3609
103 105 21 105 2880
103 105 109 37 3136
103 105 109 88 672
103 105 15 88 3270
103 105 15 37 4057
7 118 117 119 4940
7 118 7 6 4761
7 118 117 7 5804
7 118 21 21 3795
7 118 62 63 2822
7 118 103 21 4691
7 118 103 105 3852
7 118 7 118 0
7 118 62 119 -1
7 118 62 5 -1
7 118 117 63 4582
7 118 7 63 2803
7 118 21 105 1164
7 118 109 37 5139
7 118 109 88 4352
7 118 15 88 1062
7 118 15 37 4038
62 119 117 119 -1
62 119 7 6 -1
62 119 117 7 -1
62 119 21 21 -1
62 119 62 63 -1
62 119 103 21 -1
62 119 103 105 -1
62 119 7 118 -1
62 119 62 119 0
62 119 62 5 -1
62 119 117 63 -1
62 119 7 63 -1
62 119 21 105 -1
62 119 109 37 -1
62 119 109 88 -1
62 119 15 88 -1
62 119 15 37 -1
62 5 117 119 -1
62 5 7 6 -1
62 5 117 7 -1
62 5 21 21 -1
62 5 62 63 -1
62 5 103 21 -1
62 5 103 105 -1
62 5 7 118 -1
62 5 62 119 -1
62 5 62 5 0
62 5 117 63 -1
62 5 7 63 -1
62 5 21 105 -1
62 5 109 37 -1
62 5 109 88 -1
62 5 15 88 -1
62 5 15 37 -1
117 63 117 119 2726
117 63 7 6 4691
117 63 117 7 2790
117 63 21 21 3609
117 63 62 63 1939
117 63 103 21 1830
117 63 103 105 1792
117 63 7 118 4582
117 63 62 119 -1
117 63 62 5 -1
117 63 117 63 0
117 63 7 63 3699
117 63 21 105 3609
117 63 109 37 2124
117 63 109 88 2137
117 63 15 88 4000
117 63 15 37 3968
7 63 117 119 4697
7 63 7 6 2931
7 63 117 7 4742
7 63 21 21 1964
7 63 62 63 1939
7 63 103 21 3609
7 63 103 105 3609
7 63 7 118 2803
7 63 62 119 -1
7 63 62 5 -1
7 63 117 63 3699
7 63 7 63 0
7 63 21 105 1926
7 63 109 37 4076
7 63 109 88 4108
7 63 15 88 2220
7 63 15 37 2208
21 105 117 119 3968
21 105 7 6 3884
21 105 117 7 4832
21 105 21 21 2918
21 105 62 63 1868
21 105 103 21 3737
21 105 103 105 2880
21 105 7 118 1164
21 105 62 119 -1
21 105 62 5 -1
21 105 117 63 3609
21 105 7 63 1926
21 105 21 105 0
21 105 109 37 4166
21 105 109 88 3379
21 105 15 88 620
21 105 15 37 3161
109 37 117 119 4070
109 37 7 6 4480
109 37 117 7 1088
109 37 21 21 3398
109 37 62 63 2316
109 37 103 21 640
109 37 103 105 3136
109 37 7 118 5139
109 37 62 119 -1
109 37 62 5 -1
109 37 117 63 2124
109 37 7 63 4076
109 37 21 105 4166
109 37 109 37 0
109 37 109 88 3481
109 37 15 88 4556
109 37 15 37 3756
109 88 117 119 1120
109 88 7 6 5280
109 88 117 7 4147
109 88 21 21 4198
109 88 62 63 2348
109 88 103 21 3187
109 88 103 105 672
109 88 7 118 4352
109 88 62 119 -1
109 88 62 5 -1
109 88 117 63 2137
109 88 7 63 4108
109 88 21 105 3379
109 88 109 37 3481
109 88 109 88 0
109 88 15 88 3769
109 88 15 37 4556
15 88 117 119 4358
15 88 7 6 4179
15 88 117 7 5222
15 88 21 21 3212
15 88 62 63 2240
15 88 103 21 4108
15 88 103 105 3270
15 88 7 118 1062
15 88 62 119 -1
15 88 62 5 -1
15 88 117 63 4000
15 88 7 63 2220
15 88 21 105 620
15 88 109 37 4556
15 88 109 88 3769
15 88 15 88 0
15 88 15 37 3456
15 37 117 119 5145
15 37 7 6 1094
15 37 117 7 4422
15 37 21 21 588
15 37 62 63 2208
15 37 103 21 3289
15 37 103 105 4057
15 37 7 118 4038
15 37 62 119 -1
15 37 62 5 -1
15 37 117 63 3968
15 37 7 63 2208
15 37 21 105 3161
15 37 109 37 3756
15 37 109 88 4556
15 37 15 88 3456
15 37 15 37 0
