7 118 7 118 0
7 118 89 15 4499
7 118 35 15 3891
7 118 7 9 4441
7 118 89 110 3462
7 118 35 110 1696
7 118 117 34 4921
7 118 117 92 4409
7 118 7 92 908
7 118 7 34 3731
7 118 117 118 5177
7 118 117 9 5766
7 118 110 63 4352
7 118 62 119 2636
7 118 62 5 4678
7 118 14 63 2796
89 15 7 118 4499
89 15 89 15 0
89 15 35 15 1728
89 15 7 9 3500
89 15 89 110 3219
89 15 35 110 3731
89 15 117 34 1177
89 15 117 92 3148
89 15 7 92 3840
89 15 7 34 2867
89 15 117 118 3916
89 15 117 9 1945
89 15 110 63 2035
89 15 62 119 3769
89 15 62 5 1030
89 15 14 63 3244
35 15 7 118 3891
35 15 89 15 1728
35 15 35 15 0
35 15 7 9 1868
35 15 89 110 3731
35 15 35 110 3142
35 15 117 34 2867
35 15 117 92 3782
35 15 7 92 3232
35 15 7 34 1235
35 15 117 118 4550
35 15 117 9 3635
35 15 110 63 3187
35 15 62 119 3712
35 15 62 5 1088
35 15 14 63 2118
7 9 7 118 4441
7 9 89 15 3500
7 9 35 15 1868
7 9 7 9 0
7 9 89 110 4499
7 9 35 110 3846
7 9 117 34 4512
7 9 117 92 4972
7 9 7 92 3782
7 9 7 34 851
7 9 117 118 5740
7 9 117 9 5356
7 9 110 63 4377
7 9 62 119 4441
7 9 62 5 2860
7 9 14 63 2668
89 110 7 118 3462
89 110 89 15 3219
89 110 35 15 3731
89 110 7 9 4499
89 110 89 110 0
89 110 35 110 1804
89 110 117 34 3104
89 110 117 92 1126
89 110 7 92 2931
89 110 7 34 3788
89 110 117 118 1766
89 110 117 9 3948
89 110 110 63 2188
89 110 62 119 979
89 110 62 5 3910
89 110 14 63 3219
35 110 7 118 1696
35 110 89 15 3731
35 110 35 15 3142
35 110 7 9 3846
35 110 89 110 1804
35 110 35 110 0
35 110 117 34 3731
35 110 117 92 2931
35 110 7 92 1164
35 110 7 34 3136
35 110 117 118 3571
35 110 117 9 4576
35 110 110 63 3161
35 110 62 119 979
35 110 62 5 3929
35 110 14 63 2201
117 34 7 118 4921
117 34 89 15 1177
117 34 35 15 2867
117 34 7 9 4512
117 34 89 110 3104
117 34 35 110 3731
117 34 117 34 0
117 34 117 92 2880
117 34 7 92 4262
117 34 7 34 3801
117 34 117 118 3648
117 34 117 9 902
117 34 110 63 1766
117 34 62 119 3731
117 34 62 5 2169
117 34 14 63 3667
117 92 7 118 4409
117 92 89 15 3148
117 92 35 15 3782
117 92 7 9 4972
117 92 89 110 1126
117 92 35 110 2931
117 92 117 34 2880
117 92 117 92 0
117 92 7 92 3750
117 92 7 34 4262
117 92 117 118 883
117 92 117 9 3724
117 92 110 63 1964
117 92 62 119 2105
117 92 62 5 3942
117 92 14 63 3692
7 92 7 118 908
7 92 89 15 3840
7 92 35 15 3232
7 92 7 9 3782
7 92 89 110 2931
7 92 35 110 1164
7 92 117 34 4262
7 92 117 92 3750
7 92 7 92 0
7 92 7 34 3072
7 92 117 118 4518
7 92 117 9 5107
7 92 110 63 3692
7 92 62 119 2105
7 92 62 5 4019
7 92 14 63 2137
7 34 7 118 3731
7 34 89 15 2867
7 34 35 15 1235
7 34 7 9 851
7 34 89 110 3788
7 34 35 110 3136
7 34 117 34 3801
7 34 117 92 4262
7 34 7 92 3072
7 34 7 34 0
7 34 117 118 5030
7 34 117 9 4646
7 34 110 63 3667
7 34 62 119 3731
7 34 62 5 2227
7 34 14 63 1958
117 118 7 118 5177
117 118 89 15 3916
117 118 35 15 4550
117 118 7 9 5740
117 118 89 110 1766
117 118 35 110 3571
117 118 117 34 3648
117 118 117 92 883
117 118 7 92 4518
117 118 7 34 5030
117 118 117 118 0
117 118 117 9 4492
117 118 110 63 2732
117 118 62 119 2745
117 118 62 5 4710
117 118 14 63 4460
117 9 7 118 5766
117 9 89 15 1945
117 9 35 15 3635
117 9 7 9 5356
117 9 89 110 3948
117 9 35 110 4576
117 9 117 34 902
117 9 117 92 3724
117 9 7 92 5107
117 9 7 34 4646
117 9 117 118 4492
117 9 117 9 0
117 9 110 63 2611
117 9 62 119 4576
117 9 62 5 2937
117 9 14 63 4512
110 63 7 118 4352
110 63 89 15 2035
110 63 35 15 3187
110 63 7 9 4377
110 63 89 110 2188
110 63 35 110 3161
110 63 117 34 1766
110 63 117 92 1964
110 63 7 92 3692
110 63 7 34 3667
110 63 117 118 2732
110 63 117 9 2611
110 63 110 63 0
110 63 62 119 2816
110 63 62 5 2828
110 63 14 63 3097
62 119 7 118 2636
62 119 89 15 3769
62 119 35 15 3712
62 119 7 9 4441
62 119 89 110 979
62 119 35 110 979
62 119 117 34 3731
62 119 117 92 2105
62 119 7 92 2105
62 119 7 34 3731
62 119 117 118 2745
62 119 117 9 4576
62 119 110 63 2816
62 119 62 119 0
62 119 62 5 4243
62 119 14 63 2796
62 5 7 118 4678
62 5 89 15 1030
62 5 35 15 1088
62 5 7 9 2860
62 5 89 110 3910
62 5 35 110 3929
62 5 117 34 2169
62 5 117 92 3942
62 5 7 92 4019
62 5 7 34 2227
62 5 117 118 4710
62 5 117 9 2937
62 5 110 63 2828
62 5 62 119 4243
62 5 62 5 0
62 5 14 63 2905
14 63 7 118 2796
14 63 89 15 3244
14 63 35 15 2118
14 63 7 9 2668
14 63 89 110 3219
14 63 35 110 2201
14 63 117 34 3667
14 63 117 92 3692
14 63 7 92 2137
14 63 7 34 1958
14 63 117 118 4460
14 63 117 9 4512
14 63 110 63 3097
14 63 62 119 2796
14 63 62 5 2905
14 63 14 63 0
