6 88 6 88 0
6 88 86 38 3219
6 88 29 107 1721
6 88 63 19 2976
6 88 6 119 992
6 88 86 6 4224
6 88 7 55 1120
6 88 85 96 2681
6 88 7 28 2310
6 88 85 70 2777
6 88 64 118 2758
6 88 31 7 3916
86 38 6 88 3219
86 38 86 38 0
86 38 29 107 2976
86 38 63 19 1676
86 38 6 119 4172
86 38 86 6 1100
86 38 7 55 2745
86 38 85 96 2310
86 38 7 28 2758
86 38 85 70 1164
86 38 64 118 3884
86 38 31 7 2784
29 107 6 88 1721
29 107 86 38 2976
29 107 29 107 0
29 107 63 19 3411
29 107 6 119 1785
29 107 86 6 4076
29 107 7 55 2336
29 107 85 96 2112
29 107 7 28 3104
29 107 85 70 2284
29 107 64 118 1260
29 107 31 7 4352
63 19 6 88 2976
63 19 86 38 1676
63 19 29 107 3411
63 19 63 19 0
63 19 6 119 3968
63 19 86 6 1580
63 19 7 55 2252
63 19 85 96 3052
63 19 7 28 2163
63 19 85 70 2451
63 19 64 118 4339
63 19 31 7 1177
6 119 6 88 992
6 119 86 38 4172
6 119 29 107 1785
6 119 63 19 3968
6 119 6 119 0
6 119 86 6 5216
6 119 7 55 2112
6 119 85 96 3449
6 119 7 28 3302
6 119 85 70 3577
6 119 64 118 1920
6 119 31 7 4908
86 6 6 88 4224
86 6 86 38 1100
86 6 29 107 4076
86 6 63 19 1580
86 6 6 119 5216
86 6 86 6 0
86 6 7 55 3616
86 6 85 96 3334
86 6 7 28 3526
86 6 85 70 2188
86 6 64 118 4985
86 6 31 7 1798
7 55 6 88 1120
7 55 86 38 2745
7 55 29 107 2336
7 55 63 19 2252
7 55 6 119 2112
7 55 86 6 3616
7 55 7 55 0
7 55 85 96 3276
7 55 7 28 1228
7 55 85 70 3244
7 55 64 118 3424
7 55 31 7 3193
85 96 6 88 2681
85 96 86 38 2310
85 96 29 107 2112
85 96 63 19 3052
85 96 6 119 3449
85 96 86 6 3334
85 96 7 55 3276
85 96 85 96 0
85 96 7 28 3366
85 96 85 70 1145
85 96 64 118 2905
85 96 31 7 4115
7 28 6 88 2310
7 28 86 38 2758
7 28 29 107 3104
7 28 63 19 2163
7 28 6 119 3302
7 28 86 6 3526
7 28 7 55 1228
7 28 85 96 3366
7 28 7 28 0
7 28 85 70 3334
7 28 64 118 4192
7 28 31 7 3104
85 70 6 88 2777
85 70 86 38 1164
85 70 29 107 2284
85 70 63 19 2451
85 70 6 119 3577
85 70 86 6 2188
85 70 7 55 3244
85 70 85 96 1145
85 70 7 28 3334
85 70 85 70 0
85 70 64 118 3078
85 70 31 7 3590
64 118 6 88 2758
64 118 86 38 3884
64 118 29 107 1260
64 118 63 19 4339
64 118 6 119 1920
64 118 86 6 4985
64 118 7 55 3424
64 118 85 96 2905
64 118 7 28 4192
64 118 85 70 3078
64 118 64 118 0
64 118 31 7 5280
31 7 6 88 3916
31 7 86 38 2784
31 7 29 107 4352
31 7 63 19 1177
31 7 6 119 4908
31 7 86 6 1798
31 7 7 55 3193
31 7 85 96 4115
31 7 7 28 3104
31 7 85 70 3590
31 7 64 118 5280
31 7 31 7 0
