105 6 105 6 0
105 6 7 37 4588
105 6 111 28 2028
105 6 19 87 4601
105 6 43 5 1996
105 6 81 87 3443
105 6 117 56 2771
105 6 62 46 2220
105 6 62 47 2252
105 6 116 87 4505
105 6 8 5 3116
105 6 13 66 3776
7 37 105 6 4588
7 37 7 37 0
7 37 111 28 4435
7 37 19 87 2784
7 37 43 5 3545
7 37 81 87 3257
7 37 117 56 5164
7 37 62 46 2636
7 37 62 47 2624
7 37 116 87 4454
7 37 8 5 4550
7 37 13 66 1030
111 28 105 6 2028
111 28 7 37 4435
111 28 111 28 0
111 28 19 87 3750
111 28 43 5 2470
111 28 81 87 2476
111 28 117 56 972
111 28 62 46 1798
111 28 62 47 1811
111 28 116 87 3539
111 28 8 5 3590
111 28 13 66 3622
19 87 105 6 4601
19 87 7 37 2784
19 87 111 28 3750
19 87 19 87 0
19 87 43 5 3705
19 87 81 87 2035
19 87 117 56 4480
19 87 62 46 2406
19 87 62 47 2374
19 87 116 87 3180
19 87 8 5 4710
19 87 13 66 2080
43 5 105 6 1996
43 5 7 37 3545
43 5 111 28 2470
43 5 19 87 3705
43 5 43 5 0
43 5 81 87 3110
43 5 117 56 3251
43 5 62 46 1555
43 5 62 47 1587
43 5 116 87 4172
43 5 8 5 1120
43 5 13 66 2732
81 87 105 6 3443
81 87 7 37 3257
81 87 111 28 2476
81 87 19 87 2035
81 87 43 5 3110
81 87 81 87 0
81 87 117 56 3206
81 87 62 46 1555
81 87 62 47 1523
81 87 116 87 1196
81 87 8 5 4115
81 87 13 66 2444
117 56 105 6 2771
117 56 7 37 5164
117 56 111 28 972
117 56 19 87 4480
117 56 43 5 3251
117 56 81 87 3206
117 56 117 56 0
117 56 62 46 2528
117 56 62 47 2540
117 56 116 87 4268
117 56 8 5 4371
117 56 13 66 4352
62 46 105 6 2220
62 46 7 37 2636
62 46 111 28 1798
62 46 19 87 2406
62 46 43 5 1555
62 46 81 87 1555
62 46 117 56 2528
62 46 62 46 0
62 46 62 47 32
62 46 116 87 2617
62 46 8 5 2560
62 46 13 66 1824
62 47 105 6 2252
62 47 7 37 2624
62 47 111 28 1811
62 47 19 87 2374
62 47 43 5 1587
62 47 81 87 1523
62 47 117 56 2540
62 47 62 46 32
62 47 62 47 0
62 47 116 87 2585
62 47 8 5 2592
62 47 13 66 1811
116 87 105 6 4505
116 87 7 37 4454
116 87 111 28 3539
116 87 19 87 3180
116 87 43 5 4172
116 87 81 87 1196
116 87 117 56 4268
116 87 62 46 2617
116 87 62 47 2585
116 87 116 87 0
116 87 8 5 5177
116 87 13 66 3641
8 5 105 6 3116
8 5 7 37 4550
8 5 111 28 3590
8 5 19 87 4710
8 5 43 5 1120
8 5 81 87 4115
8 5 117 56 4371
8 5 62 46 2560
8 5 62 47 2592
8 5 116 87 5177
8 5 8 5 0
8 5 13 66 3737
13 66 105 6 3776
13 66 7 37 1030
13 66 111 28 3622
13 66 19 87 2080
13 66 43 5 2732
13 66 81 87 2444
13 66 117 56 4352
13 66 62 46 1824
13 66 62 47 1811
13 66 116 87 3641
13 66 8 5 3737
13 66 13 66 0
