77 119 77 119 0
77 119 7 74 4211
77 119 49 7 5465
77 119 117 54 4121
77 119 43 118 1100
77 119 9 49 3744
77 119 115 78 3481
77 119 71 92 1894
77 119 53 34 3520
77 119 81 7 4742
77 119 90 54 3353
77 119 34 72 2496
77 119 117 7 -1
77 119 7 118 -1
77 119 117 118 -1
77 119 7 7 -1
7 74 77 119 4211
7 74 7 74 0
7 74 49 7 4236
7 74 117 54 4768
7 74 43 118 3404
7 74 9 49 851
7 74 115 78 4230
7 74 71 92 3001
7 74 53 34 2195
7 74 81 7 3513
7 74 90 54 3123
7 74 34 72 1715
7 74 117 7 -1
7 74 7 118 -1
7 74 117 118 -1
7 74 7 7 -1
49 7 77 119 5465
49 7 7 74 4236
49 7 49 7 0
49 7 117 54 4249
49 7 43 118 4761
49 7 9 49 3641
49 7 115 78 3712
49 7 71 92 3571
49 7 53 34 2041
49 7 81 7 1024
49 7 90 54 2470
49 7 34 72 3404
49 7 117 7 -1
49 7 7 118 -1
49 7 117 118 -1
49 7 7 7 -1
117 54 77 119 4121
117 54 7 74 4768
117 54 49 7 4249
117 54 117 54 0
117 54 43 118 3456
117 54 9 49 4300
117 54 115 78 793
117 54 71 92 2227
117 54 53 34 3084
117 54 81 7 3424
117 54 90 54 1779
117 54 34 72 3206
117 54 117 7 -1
117 54 7 118 -1
117 54 117 118 -1
117 54 7 7 -1
43 118 77 119 1100
43 118 7 74 3404
43 118 49 7 4761
43 118 117 54 3456
43 118 43 118 0
43 118 9 49 2937
43 118 115 78 2816
43 118 71 92 1228
43 118 53 34 2816
43 118 81 7 4038
43 118 90 54 2649
43 118 34 72 1689
43 118 117 7 -1
43 118 7 118 -1
43 118 117 118 -1
43 118 7 7 -1
9 49 77 119 3744
9 49 7 74 851
9 49 49 7 3641
9 49 117 54 4300
9 49 43 118 2937
9 49 9 49 0
9 49 115 78 3763
9 49 71 92 2534
9 49 53 34 1600
9 49 81 7 2918
9 49 90 54 2656
9 49 34 72 1248
9 49 117 7 -1
9 49 7 118 -1
9 49 117 118 -1
9 49 7 7 -1
115 78 77 119 3481
115 78 7 74 4230
115 78 49 7 3712
115 78 117 54 793
115 78 43 118 2816
115 78 9 49 3763
115 78 115 78 0
115 78 71 92 1587
115 78 53 34 2547
115 78 81 7 2886
115 78 90 54 1241
115 78 34 72 2668
115 78 117 7 -1
115 78 7 118 -1
115 78 117 118 -1
115 78 7 7 -1
71 92 77 119 1894
71 92 7 74 3001
71 92 49 7 3571
71 92 117 54 2227
71 92 43 118 1228
71 92 9 49 2534
71 92 115 78 1587
71 92 71 92 0
71 92 53 34 2086
71 92 81 7 2848
71 92 90 54 1459
71 92 34 72 1440
71 92 117 7 -1
71 92 7 118 -1
71 92 117 118 -1
71 92 7 7 -1
53 34 77 119 3520
53 34 7 74 2195
53 34 49 7 2041
53 34 117 54 3084
53 34 43 118 2816
53 34 9 49 1600
53 34 115 78 2547
53 34 71 92 2086
53 34 53 34 0
53 34 81 7 1318
53 34 90 54 1440
53 34 34 72 1459
53 34 117 7 -1
53 34 7 118 -1
53 34 117 118 -1
53 34 7 7 -1
81 7 77 119 4742
81 7 7 74 3513
81 7 49 7 1024
81 7 117 54 3424
81 7 43 118 4038
81 7 9 49 2918
81 7 115 78 2886
81 7 71 92 2848
81 7 53 34 1318
81 7 81 7 0
81 7 90 54 1644
81 7 34 72 2681
81 7 117 7 -1
81 7 7 118 -1
81 7 117 118 -1
81 7 7 7 -1
90 54 77 119 3353
90 54 7 74 3123
90 54 49 7 2470
90 54 117 54 1779
90 54 43 118 2649
90 54 9 49 2656
90 54 115 78 1241
90 54 71 92 1459
90 54 53 34 1440
90 54 81 7 1644
90 54 90 54 0
90 54 34 72 2022
90 54 117 7 -1
90 54 7 118 -1
90 54 117 118 -1
90 54 7 7 -1
34 72 77 119 2496
34 72 7 74 1715
34 72 49 7 3404
34 72 117 54 3206
34 72 43 118 1689
34 72 9 49 1248
34 72 115 78 2668
34 72 71 92 1440
34 72 53 34 1459
34 72 81 7 2681
34 72 90 54 2022
34 72 34 72 0
34 72 117 7 -1
34 72 7 118 -1
34 72 117 118 -1
34 72 7 7 -1
117 7 77 119 -1
117 7 7 74 -1
117 7 49 7 -1
117 7 117 54 -1
117 7 43 118 -1
117 7 9 49 -1
117 7 115 78 -1
117 7 71 92 -1
117 7 53 34 -1
117 7 81 7 -1
117 7 90 54 -1
117 7 34 72 -1
117 7 117 7 0
117 7 7 118 -1
117 7 117 118 -1
117 7 7 7 -1
7 118 77 119 -1
7 118 7 74 -1
7 118 49 7 -1
7 118 117 54 -1
7 118 43 118 -1
7 118 9 49 -1
7 118 115 78 -1
7 118 71 92 -1
7 118 53 34 -1
7 118 81 7 -1
7 118 90 54 -1
7 118 34 72 -1
7 118 117 7 -1
7 118 7 118 0
7 118 117 118 -1
7 118 7 7 -1
117 118 77 119 -1
117 118 7 74 -1
117 118 49 7 -1
117 118 117 54 -1
117 118 43 118 -1
117 118 9 49 -1
117 118 115 78 -1
117 118 71 92 -1
117 118 53 34 -1
117 118 81 7 -1
117 118 90 54 -1
117 118 34 72 -1
117 118 117 7 -1
117 118 7 118 -1
117 118 117 118 0
117 118 7 7 -1
7 7 77 119 -1
7 7 7 74 -1
7 7 49 7 -1
7 7 117 54 -1
7 7 43 118 -1
7 7 9 49 -1
7 7 115 78 -1
7 7 71 92 -1
7 7 53 34 -1
7 7 81 7 -1
7 7 90 54 -1
7 7 34 72 -1
7 7 117 7 -1
7 7 7 118 -1
7 7 117 118 -1
7 7 7 7 0
