31 118 31 118 0
31 118 93 118 2950
31 118 7 119 780
31 118 117 119 3596
31 118 62 121 -1
31 118 116 84 3251
31 118 8 84 1542
31 118 116 42 3968
31 118 8 42 2796
31 118 62 5 -1
31 118 117 6 4934
31 118 7 6 4275
31 118 31 6 3660
31 118 93 6 4377
93 118 31 118 2950
93 118 93 118 0
93 118 7 119 3635
93 118 117 119 780
93 118 62 121 -1
93 118 116 84 1459
93 118 8 84 3308
93 118 116 42 2764
93 118 8 42 3961
93 118 62 5 -1
93 118 117 6 4166
93 118 7 6 4992
93 118 31 6 4377
93 118 93 6 3609
7 119 31 118 780
7 119 93 118 3635
7 119 7 119 0
7 119 117 119 4281
7 119 62 121 -1
7 119 116 84 3936
7 119 8 84 2227
7 119 116 42 4652
7 119 8 42 3481
7 119 62 5 -1
7 119 117 6 5619
7 119 7 6 4960
7 119 31 6 4345
7 119 93 6 5062
117 119 31 118 3596
117 119 93 118 780
117 119 7 119 4281
117 119 117 119 0
117 119 62 121 -1
117 119 116 84 2054
117 119 8 84 3955
117 119 116 42 3372
117 119 8 42 4608
117 119 62 5 -1
117 119 117 6 4812
117 119 7 6 5638
117 119 31 6 5024
117 119 93 6 4256
62 121 31 118 -1
62 121 93 118 -1
62 121 7 119 -1
62 121 117 119 -1
62 121 62 121 0
62 121 116 84 -1
62 121 8 84 -1
62 121 116 42 -1
62 121 8 42 -1
62 121 62 5 -1
62 121 117 6 -1
62 121 7 6 -1
62 121 31 6 -1
62 121 93 6 -1
116 84 31 118 3251
116 84 93 118 1459
116 84 7 119 3936
116 84 117 119 2054
116 84 62 121 -1
116 84 116 84 0
116 84 8 84 3558
116 84 116 42 1395
116 84 8 42 4198
116 84 62 5 -1
116 84 117 6 3321
116 84 7 6 4646
116 84 31 6 4032
116 84 93 6 2816
8 84 31 118 1542
8 84 93 118 3308
8 84 7 119 2227
8 84 117 119 3955
8 84 62 121 -1
8 84 116 84 3558
8 84 8 84 0
8 84 116 42 4198
8 84 8 42 1523
8 84 62 5 -1
8 84 117 6 4601
8 84 7 6 3456
8 84 31 6 2841
8 84 93 6 4025
116 42 31 118 3968
116 42 93 118 2764
116 42 7 119 4652
116 42 117 119 3372
116 42 62 121 -1
116 42 116 84 1395
116 42 8 84 4198
116 42 116 42 0
116 42 8 42 3558
116 42 62 5 -1
116 42 117 6 2028
116 42 7 6 3948
116 42 31 6 3315
116 42 93 6 1523
8 42 31 118 2796
8 42 93 118 3961
8 42 7 119 3481
8 42 117 119 4608
8 42 62 121 -1
8 42 116 84 4198
8 42 8 84 1523
8 42 116 42 3558
8 42 8 42 0
8 42 62 5 -1
8 42 117 6 3948
8 42 7 6 2220
8 42 31 6 1606
8 42 93 6 3372
62 5 31 118 -1
62 5 93 118 -1
62 5 7 119 -1
62 5 117 119 -1
62 5 62 121 -1
62 5 116 84 -1
62 5 8 84 -1
62 5 116 42 -1
62 5 8 42 -1
62 5 62 5 0
62 5 117 6 -1
62 5 7 6 -1
62 5 31 6 -1
62 5 93 6 -1
117 6 31 118 4934
117 6 93 118 4166
117 6 7 119 5619
117 6 117 119 4812
117 6 62 121 -1
117 6 116 84 3321
117 6 8 84 4601
117 6 116 42 2028
117 6 8 42 3948
117 6 62 5 -1
117 6 117 6 0
117 6 7 6 4288
117 6 31 6 3654
117 6 93 6 819
7 6 31 118 4275
7 6 93 118 4992
7 6 7 119 4960
7 6 117 119 5638
7 6 62 121 -1
7 6 116 84 4646
7 6 8 84 3456
7 6 116 42 3948
7 6 8 42 2220
7 6 62 5 -1
7 6 117 6 4288
7 6 7 6 0
7 6 31 6 819
7 6 93 6 3712
31 6 31 118 3660
31 6 93 118 4377
31 6 7 119 4345
31 6 117 119 5024
31 6 62 121 -1
31 6 116 84 4032
31 6 8 84 2841
31 6 116 42 3315
31 6 8 42 1606
31 6 62 5 -1
31 6 117 6 3654
31 6 7 6 819
31 6 31 6 0
31 6 93 6 3078
93 6 31 118 4377
93 6 93 118 3609
93 6 7 119 5062
93 6 117 119 4256
93 6 62 121 -1
93 6 116 84 2816
93 6 8 84 4025
93 6 116 42 1523
93 6 8 42 3372
93 6 62 5 -1
93 6 117 6 819
93 6 7 6 3712
93 6 31 6 3078
93 6 93 6 0
