11 70 11 70 0
11 70 117 13 5260
11 70 113 40 4192
11 70 7 96 1158
11 70 75 103 3110
11 70 44 103 2790
11 70 80 5 3539
11 70 49 5 2566
11 70 116 102 4377
11 70 8 6 2265
11 70 113 71 3859
11 70 11 39 1017
117 13 11 70 5260
117 13 117 13 0
117 13 113 40 1094
117 13 7 96 6297
117 13 75 103 3571
117 13 44 103 4563
117 13 80 5 3929
117 13 49 5 4326
117 13 116 102 3084
117 13 8 6 5568
117 13 113 71 2086
117 13 11 39 5049
113 40 11 70 4192
113 40 117 13 1094
113 40 113 40 0
113 40 7 96 5228
113 40 75 103 2502
113 40 44 103 3494
113 40 80 5 2860
113 40 49 5 3257
113 40 116 102 2272
113 40 8 6 4499
113 40 113 71 992
113 40 11 39 3980
7 96 11 70 1158
7 96 117 13 6297
7 96 113 40 5228
7 96 7 96 0
7 96 75 103 4147
7 96 44 103 3827
7 96 80 5 4576
7 96 49 5 3603
7 96 116 102 5414
7 96 8 6 3020
7 96 113 71 4896
7 96 11 39 2131
75 103 11 70 3110
75 103 117 13 3571
75 103 113 40 2502
75 103 7 96 4147
75 103 75 103 0
75 103 44 103 1638
75 103 80 5 3379
75 103 49 5 3468
75 103 116 102 1401
75 103 8 6 4115
75 103 113 71 1625
75 103 11 39 2924
44 103 11 70 2790
44 103 117 13 4563
44 103 113 40 3494
44 103 7 96 3827
44 103 75 103 1638
44 103 44 103 0
44 103 80 5 3596
44 103 49 5 3456
44 103 116 102 2963
44 103 8 6 3795
44 103 113 71 2828
44 103 11 39 2604
80 5 11 70 3539
80 5 117 13 3929
80 5 113 40 2860
80 5 7 96 4576
80 5 75 103 3379
80 5 44 103 3596
80 5 80 5 0
80 5 49 5 1849
80 5 116 102 3833
80 5 8 6 3129
80 5 113 71 2553
80 5 11 39 2969
49 5 11 70 2566
49 5 117 13 4326
49 5 113 40 3257
49 5 7 96 3603
49 5 75 103 3468
49 5 44 103 3456
49 5 80 5 1849
49 5 49 5 0
49 5 116 102 4230
49 5 8 6 1452
49 5 113 71 2950
49 5 11 39 1689
116 102 11 70 4377
116 102 117 13 3084
116 102 113 40 2272
116 102 7 96 5414
116 102 75 103 1401
116 102 44 103 2963
116 102 80 5 3833
116 102 49 5 4230
116 102 116 102 0
116 102 8 6 5203
116 102 113 71 1280
116 102 11 39 4192
8 6 11 70 2265
8 6 117 13 5568
8 6 113 40 4499
8 6 7 96 3020
8 6 75 103 4115
8 6 44 103 3795
8 6 80 5 3129
8 6 49 5 1452
8 6 116 102 5203
8 6 8 6 0
8 6 113 71 4192
8 6 11 39 1248
113 71 11 70 3859
113 71 117 13 2086
113 71 113 40 992
113 71 7 96 4896
113 71 75 103 1625
113 71 44 103 2828
113 71 80 5 2553
113 71 49 5 2950
113 71 116 102 1280
113 71 8 6 4192
113 71 113 71 0
113 71 11 39 3673
11 39 11 70 1017
11 39 117 13 5049
11 39 113 40 3980
11 39 7 96 2131
11 39 75 103 2924
11 39 44 103 2604
11 39 80 5 2969
11 39 49 5 1689
11 39 116 102 4192
11 39 8 6 1248
11 39 113 71 3673
11 39 11 39 0
