57 88 57 88 0
57 88 28 119 2163
57 88 117 116 -1
57 88 68 119 1132
57 88 7 88 3526
57 88 116 62 2220
57 88 7 52 2060
57 88 32 52 1472
57 88 81 46 1728
57 88 117 27 3123
57 88 49 24 2176
57 88 8 6 -1
57 88 93 6 3084
57 88 61 6 3328
28 119 57 88 2163
28 119 28 119 0
28 119 117 116 -1
28 119 68 119 1536
28 119 7 88 5632
28 119 116 62 3961
28 119 7 52 4166
28 119 32 52 3635
28 119 81 46 3660
28 119 117 27 4864
28 119 49 24 4313
28 119 8 6 -1
28 119 93 6 5017
28 119 61 6 5260
117 116 57 88 -1
117 116 28 119 -1
117 116 117 116 0
117 116 68 119 -1
117 116 7 88 -1
117 116 116 62 -1
117 116 7 52 -1
117 116 32 52 -1
117 116 81 46 -1
117 116 117 27 -1
117 116 49 24 -1
117 116 8 6 -1
117 116 93 6 -1
117 116 61 6 -1
68 119 57 88 1132
68 119 28 119 1536
68 119 117 116 -1
68 119 68 119 0
68 119 7 88 4601
68 119 116 62 2905
68 119 7 52 3136
68 119 32 52 2604
68 119 81 46 2604
68 119 117 27 3808
68 119 49 24 3283
68 119 8 6 -1
68 119 93 6 3961
68 119 61 6 4204
7 88 57 88 3526
7 88 28 119 5632
7 88 117 116 -1
7 88 68 119 4601
7 88 7 88 0
7 88 116 62 5081
7 88 7 52 1728
7 88 32 52 2393
7 88 81 46 4038
7 88 117 27 5907
7 88 49 24 3788
7 88 8 6 -1
7 88 93 6 5107
7 88 61 6 5273
116 62 57 88 2220
116 62 28 119 3961
116 62 117 116 -1
116 62 68 119 2905
116 62 7 88 5081
116 62 116 62 0
116 62 7 52 3616
116 62 32 52 2816
116 62 81 46 1324
116 62 117 27 1260
116 62 49 24 2630
116 62 8 6 -1
116 62 93 6 2508
116 62 61 6 2880
7 52 57 88 2060
7 52 28 119 4166
7 52 117 116 -1
7 52 68 119 3136
7 52 7 88 1728
7 52 116 62 3616
7 52 7 52 0
7 52 32 52 800
7 52 81 46 2444
7 52 117 27 4416
7 52 49 24 2195
7 52 8 6 -1
7 52 93 6 3513
7 52 61 6 3680
32 52 57 88 1472
32 52 28 119 3635
32 52 117 116 -1
32 52 68 119 2604
32 52 7 88 2393
32 52 116 62 2816
32 52 7 52 800
32 52 32 52 0
32 52 81 46 1644
32 52 117 27 3616
32 52 49 24 1395
32 52 8 6 -1
32 52 93 6 2713
32 52 61 6 2880
81 46 57 88 1728
81 46 28 119 3660
81 46 117 116 -1
81 46 68 119 2604
81 46 7 88 4038
81 46 116 62 1324
81 46 7 52 2444
81 46 32 52 1644
81 46 81 46 0
81 46 117 27 2048
81 46 49 24 1305
81 46 8 6 -1
81 46 93 6 1433
81 46 61 6 1676
117 27 57 88 3123
117 27 28 119 4864
117 27 117 116 -1
117 27 68 119 3808
117 27 7 88 5907
117 27 116 62 1260
117 27 7 52 4416
117 27 32 52 3616
117 27 81 46 2048
117 27 117 27 0
117 27 49 24 3353
117 27 8 6 -1
117 27 93 6 3232
117 27 61 6 3603
49 24 57 88 2176
49 24 28 119 4313
49 24 117 116 -1
49 24 68 119 3283
49 24 7 88 3788
49 24 116 62 2630
49 24 7 52 2195
49 24 32 52 1395
49 24 81 46 1305
49 24 117 27 3353
49 24 49 24 0
49 24 8 6 -1
49 24 93 6 1964
49 24 61 6 2131
8 6 57 88 -1
8 6 28 119 -1
8 6 117 116 -1
8 6 68 119 -1
8 6 7 88 -1
8 6 116 62 -1
8 6 7 52 -1
8 6 32 52 -1
8 6 81 46 -1
8 6 117 27 -1
8 6 49 24 -1
8 6 8 6 0
8 6 93 6 -1
8 6 61 6 -1
93 6 57 88 3084
93 6 28 119 5017
93 6 117 116 -1
93 6 68 119 3961
93 6 7 88 5107
93 6 116 62 2508
93 6 7 52 3513
93 6 32 52 2713
93 6 81 46 1433
93 6 117 27 3232
93 6 49 24 1964
93 6 8 6 -1
93 6 93 6 0
93 6 61 6 1555
61 6 57 88 3328
61 6 28 119 5260
61 6 117 116 -1
61 6 68 119 4204
61 6 7 88 5273
61 6 116 62 2880
61 6 7 52 3680
61 6 32 52 2880
61 6 81 46 1676
61 6 117 27 3603
61 6 49 24 2131
61 6 8 6 -1
61 6 93 6 1555
61 6 61 6 0
