27 14 27 14 0
27 14 32 111 3635
27 14 98 119 4326
27 14 6 56 2233
27 14 117 100 5126
27 14 99 5 3238
27 14 7 83 2924
27 14 68 6 3910
27 14 63 119 3929
27 14 6 30 1856
27 14 85 85 3072
27 14 36 66 2067
27 14 118 37 3539
27 14 77 32 2035
27 14 117 63 3507
32 111 27 14 3635
32 111 32 111 0
32 111 98 119 2502
32 111 6 56 2963
32 111 117 100 3417
32 111 99 5 4249
32 111 7 83 3577
32 111 68 6 4921
32 111 63 119 1587
32 111 6 30 3334
32 111 85 85 2028
32 111 36 66 1798
32 111 118 37 3699
32 111 77 32 3104
32 111 117 63 3360
98 119 27 14 4326
98 119 32 111 2502
98 119 98 119 0
98 119 6 56 4000
98 119 117 100 1024
98 119 99 5 4044
98 119 7 83 4614
98 119 68 6 4716
98 119 63 119 1433
98 119 6 30 4371
98 119 85 85 1254
98 119 36 66 2835
98 119 118 37 3302
98 119 77 32 3052
98 119 117 63 2886
6 56 27 14 2233
6 56 32 111 2963
6 56 98 119 4000
6 56 6 56 0
6 56 117 100 4819
6 56 99 5 3878
6 56 7 83 953
6 56 68 6 4550
6 56 63 119 3257
6 56 6 30 1472
6 56 85 85 2899
6 56 36 66 1164
6 56 118 37 3955
6 56 77 32 2675
6 56 117 63 3692
117 100 27 14 5126
117 100 32 111 3417
117 100 98 119 1024
117 100 6 56 4819
117 100 117 100 0
117 100 99 5 4844
117 100 7 83 5433
117 100 68 6 5516
117 100 63 119 2348
117 100 6 30 5171
117 100 85 85 2054
117 100 36 66 3731
117 100 118 37 4102
117 100 77 32 3852
117 100 117 63 3686
99 5 27 14 3238
99 5 32 111 4249
99 5 98 119 4044
99 5 6 56 3878
99 5 117 100 4844
99 5 99 5 0
99 5 7 83 4524
99 5 68 6 1056
99 5 63 119 4249
99 5 6 30 3705
99 5 85 85 2790
99 5 36 66 2950
99 5 118 37 1267
99 5 77 32 1203
99 5 117 63 2259
7 83 27 14 2924
7 83 32 111 3577
7 83 98 119 4614
7 83 6 56 953
7 83 117 100 5433
7 83 99 5 4524
7 83 7 83 0
7 83 68 6 5196
7 83 63 119 3872
7 83 6 30 2163
7 83 85 85 3513
7 83 36 66 1779
7 83 118 37 4569
7 83 77 32 3321
7 83 117 63 4307
68 6 27 14 3910
68 6 32 111 4921
68 6 98 119 4716
68 6 6 56 4550
68 6 117 100 5516
68 6 99 5 1056
68 6 7 83 5196
68 6 68 6 0
68 6 63 119 4921
68 6 6 30 4377
68 6 85 85 3462
68 6 36 66 3622
68 6 118 37 2041
68 6 77 32 1875
68 6 117 63 3033
63 119 27 14 3929
63 119 32 111 1587
63 119 98 119 1433
63 119 6 56 3257
63 119 117 100 2348
63 119 99 5 4249
63 119 7 83 3872
63 119 68 6 4921
63 119 63 119 0
63 119 6 30 3628
63 119 85 85 1459
63 119 36 66 2092
63 119 118 37 3507
63 119 77 32 3116
63 119 117 63 3091
6 30 27 14 1856
6 30 32 111 3334
6 30 98 119 4371
6 30 6 56 1472
6 30 117 100 5171
6 30 99 5 3705
6 30 7 83 2163
6 30 68 6 4377
6 30 63 119 3628
6 30 6 30 0
6 30 85 85 3251
6 30 36 66 1536
6 30 118 37 4006
6 30 77 32 2502
6 30 117 63 3974
85 85 27 14 3072
85 85 32 111 2028
85 85 98 119 1254
85 85 6 56 2899
85 85 117 100 2054
85 85 99 5 2790
85 85 7 83 3513
85 85 68 6 3462
85 85 63 119 1459
85 85 6 30 3251
85 85 85 85 0
85 85 36 66 1811
85 85 118 37 2048
85 85 77 32 1798
85 85 117 63 1632
36 66 27 14 2067
36 66 32 111 1798
36 66 98 119 2835
36 66 6 56 1164
36 66 117 100 3731
36 66 99 5 2950
36 66 7 83 1779
36 66 68 6 3622
36 66 63 119 2092
36 66 6 30 1536
36 66 85 85 1811
36 66 36 66 0
36 66 118 37 2995
36 66 77 32 1747
36 66 117 63 2656
118 37 27 14 3539
118 37 32 111 3699
118 37 98 119 3302
118 37 6 56 3955
118 37 117 100 4102
118 37 99 5 1267
118 37 7 83 4569
118 37 68 6 2041
118 37 63 119 3507
118 37 6 30 4006
118 37 85 85 2048
118 37 36 66 2995
118 37 118 37 0
118 37 77 32 1504
118 37 117 63 1363
77 32 27 14 2035
77 32 32 111 3104
77 32 98 119 3052
77 32 6 56 2675
77 32 117 100 3852
77 32 99 5 1203
77 32 7 83 3321
77 32 68 6 1875
77 32 63 119 3116
77 32 6 30 2502
77 32 85 85 1798
77 32 36 66 1747
77 32 118 37 1504
77 32 77 32 0
77 32 117 63 1888
117 63 27 14 3507
117 63 32 111 3360
117 63 98 119 2886
117 63 6 56 3692
117 63 117 100 3686
117 63 99 5 2259
117 63 7 83 4307
117 63 68 6 3033
117 63 63 119 3091
117 63 6 30 3974
117 63 85 85 1632
117 63 36 66 2656
117 63 118 37 1363
117 63 77 32 1888
117 63 117 63 0
