116 6 116 6 0
116 6 47 6 -1
116 6 7 6 -1
116 6 42 119 -1
116 6 75 118 -1
116 6 117 118 -1
116 6 7 117 -1
116 6 36 93 -1
116 6 7 86 -1
116 6 117 66 -1
116 6 7 57 -1
116 6 117 40 -1
116 6 86 34 -1
116 6 83 6 -1
47 6 116 6 -1
47 6 47 6 0
47 6 7 6 2252
47 6 42 119 4723
47 6 75 118 3942
47 6 117 118 4480
47 6 7 117 -1
47 6 36 93 3052
47 6 7 86 3334
47 6 117 66 3046
47 6 7 57 2713
47 6 117 40 3660
47 6 86 34 1625
47 6 83 6 1203
7 6 116 6 -1
7 6 47 6 2252
7 6 7 6 0
7 6 42 119 5235
7 6 75 118 4454
7 6 117 118 4992
7 6 7 117 -1
7 6 36 93 3155
7 6 7 86 3129
7 6 117 66 4288
7 6 7 57 2508
7 6 117 40 4902
7 6 86 34 2886
7 6 83 6 3033
42 119 116 6 -1
42 119 47 6 4723
42 119 7 6 5235
42 119 42 119 0
42 119 75 118 1120
42 119 117 118 3020
42 119 7 117 -1
42 119 36 93 2368
42 119 7 86 4224
42 119 117 66 3379
42 119 7 57 3756
42 119 117 40 4147
42 119 86 34 3814
42 119 83 6 5324
75 118 116 6 -1
75 118 47 6 3942
75 118 7 6 4454
75 118 42 119 1120
75 118 75 118 0
75 118 117 118 2137
75 118 7 117 -1
75 118 36 93 1587
75 118 7 86 3443
75 118 117 66 2496
75 118 7 57 2976
75 118 117 40 3264
75 118 86 34 2931
75 118 83 6 4544
117 118 116 6 -1
117 118 47 6 4480
117 118 7 6 4992
117 118 42 119 3020
117 118 75 118 2137
117 118 117 118 0
117 118 7 117 -1
117 118 36 93 2912
117 118 7 86 4768
117 118 117 66 2214
117 118 7 57 4300
117 118 117 40 2982
117 118 86 34 3084
117 118 83 6 5081
7 117 116 6 -1
7 117 47 6 -1
7 117 7 6 -1
7 117 42 119 -1
7 117 75 118 -1
7 117 117 118 -1
7 117 7 117 0
7 117 36 93 -1
7 117 7 86 -1
7 117 117 66 -1
7 117 7 57 -1
7 117 117 40 -1
7 117 86 34 -1
7 117 83 6 -1
36 93 116 6 -1
36 93 47 6 3052
36 93 7 6 3155
36 93 42 119 2368
36 93 75 118 1587
36 93 117 118 2912
36 93 7 117 -1
36 93 36 93 0
36 93 7 86 2124
36 93 117 66 2937
36 93 7 57 1657
36 93 117 40 3705
36 93 86 34 2528
36 93 83 6 3833
7 86 116 6 -1
7 86 47 6 3334
7 86 7 6 3129
7 86 42 119 4224
7 86 75 118 3443
7 86 117 118 4768
7 86 7 117 -1
7 86 36 93 2124
7 86 7 86 0
7 86 117 66 4128
7 86 7 57 979
7 86 117 40 4870
7 86 86 34 3520
7 86 83 6 4115
117 66 116 6 -1
117 66 47 6 3046
117 66 7 6 4288
117 66 42 119 3379
117 66 75 118 2496
117 66 117 118 2214
117 66 7 117 -1
117 66 36 93 2937
117 66 7 86 4128
117 66 117 66 0
117 66 7 57 3635
117 66 117 40 883
117 66 86 34 1612
117 66 83 6 3648
7 57 116 6 -1
7 57 47 6 2713
7 57 7 6 2508
7 57 42 119 3756
7 57 75 118 2976
7 57 117 118 4300
7 57 7 117 -1
7 57 36 93 1657
7 57 7 86 979
7 57 117 66 3635
7 57 7 57 0
7 57 117 40 4275
7 57 86 34 2899
7 57 83 6 3494
117 40 116 6 -1
117 40 47 6 3660
117 40 7 6 4902
117 40 42 119 4147
117 40 75 118 3264
117 40 117 118 2982
117 40 7 117 -1
117 40 36 93 3705
117 40 7 86 4870
117 40 117 66 883
117 40 7 57 4275
117 40 117 40 0
117 40 86 34 2227
117 40 83 6 4262
86 34 116 6 -1
86 34 47 6 1625
86 34 7 6 2886
86 34 42 119 3814
86 34 75 118 2931
86 34 117 118 3084
86 34 7 117 -1
86 34 36 93 2528
86 34 7 86 3520
86 34 117 66 1612
86 34 7 57 2899
86 34 117 40 2227
86 34 86 34 0
86 34 83 6 2227
83 6 116 6 -1
83 6 47 6 1203
83 6 7 6 3033
83 6 42 119 5324
83 6 75 118 4544
83 6 117 118 5081
83 6 7 117 -1
83 6 36 93 3833
83 6 7 86 4115
83 6 117 66 3648
83 6 7 57 3494
83 6 117 40 4262
83 6 86 34 2227
83 6 83 6 0
